1
3
2
4
5
7
6
8
0
9
2948
2947
10
12
11
13
14
16
15
17
18
2952
2951
19
21
20
22
23
25
24
26
27
2956
2955
28
30
29
31
32
34
33
35
36
2960
2959
37
39
38
40
41
43
42
44
45
2964
2963
46
48
47
49
50
52
51
53
54
2968
2967
55
57
56
58
59
61
60
62
63
2972
2971
64
66
65
67
68
70
69
71
72
2976
2975
73
2944
75
76
77
79
78
80
74
81
2980
2979
82
83
84
86
85
87
88
2983
2982
89
90
91
93
92
94
95
2986
2985
96
97
98
100
99
101
102
2989
2988
103
104
105
107
106
108
109
2992
2991
110
111
112
114
113
115
116
2995
2994
117
118
119
121
120
122
123
2998
2997
124
125
126
128
127
129
130
3001
3000
131
2977
133
134
135
137
136
138
132
139
3005
3004
140
141
142
144
143
145
146
3008
3007
147
148
149
151
150
152
153
3011
3010
154
155
156
158
157
159
160
3014
3013
161
162
163
165
164
166
167
3017
3016
168
169
170
172
171
173
174
3020
3019
175
176
177
179
178
180
181
3023
3022
182
183
184
186
185
187
188
3026
3025
189
3002
4160
191
192
193
195
194
196
190
197
3030
3029
4162
198
199
200
202
201
203
204
3033
3032
4164
205
206
207
209
208
210
211
3036
3035
4166
212
213
214
216
215
217
218
3039
3038
4168
219
220
221
223
222
224
225
3042
3041
4170
226
227
228
230
229
231
232
3045
3044
4172
233
234
235
237
236
238
239
3048
3047
4174
240
241
242
244
243
245
246
3051
3050
247
3027
4176
249
250
251
253
252
254
248
255
3055
3054
4178
256
257
258
260
259
261
262
3058
3057
4180
263
264
265
267
266
268
269
3061
3060
4182
270
271
272
274
273
275
276
3064
3063
4184
277
278
279
281
280
282
283
3067
3066
4186
284
285
286
288
287
289
290
3070
3069
4188
291
292
293
295
294
296
297
3073
3072
4190
298
299
300
302
301
303
304
3076
3075
305
3052
4192
307
308
309
311
310
312
306
313
3080
3079
4194
314
315
316
318
317
319
320
3083
3082
4196
321
322
323
325
324
326
327
3086
3085
4198
328
329
330
332
331
333
334
3089
3088
4200
335
336
337
339
338
340
341
3092
3091
4202
342
343
344
346
345
347
348
3095
3094
4204
349
350
351
353
352
354
355
3098
3097
4206
356
357
358
360
359
361
362
3101
3100
363
3077
4208
365
366
367
369
368
370
364
371
3105
3104
4210
372
373
374
376
375
377
378
3108
3107
4212
379
380
381
383
382
384
385
3111
3110
4214
386
387
388
390
389
391
392
3114
3113
4216
393
394
395
397
396
398
399
3117
3116
4218
400
401
402
404
403
405
406
3120
3119
4220
407
408
409
411
410
412
413
3123
3122
4222
414
415
416
418
417
419
420
3126
3125
421
3102
4224
423
424
425
427
2945
426
428
422
429
3130
3129
430
431
432
434
2949
433
435
436
3133
3132
437
438
439
441
2953
440
442
443
3136
3135
444
445
446
448
2957
447
449
450
3139
3138
451
452
453
455
2961
454
456
457
3142
3141
458
459
460
462
2965
461
463
464
3145
3144
465
466
467
469
2969
468
470
471
3148
3147
472
473
474
476
2973
475
477
478
3151
3150
479
3127
481
482
483
485
484
486
480
487
3155
3154
4226
488
489
490
492
491
493
494
3158
3157
4228
495
496
497
499
498
500
501
3161
3160
4230
502
503
504
506
505
507
508
3164
3163
4232
509
510
511
513
512
514
515
3167
3166
4234
516
517
518
520
519
521
522
3170
3169
4236
523
524
525
527
526
528
529
3173
3172
4238
530
531
532
534
533
535
536
3176
3175
537
3152
539
541
540
542
538
543
3179
3178
544
546
545
547
548
3181
3180
549
551
550
552
553
3183
3182
554
556
555
557
558
3185
3184
559
561
560
562
563
3187
3186
564
566
565
567
568
3189
3188
569
571
570
572
573
3191
3190
574
576
575
577
578
3193
3192
579
3177
581
583
582
584
580
585
3196
3195
586
588
587
589
590
3198
3197
591
593
592
594
595
3200
3199
596
598
597
599
600
3202
3201
601
603
602
604
605
3204
3203
606
608
607
609
610
3206
3205
611
613
612
614
615
3208
3207
616
618
617
4240
4161
619
620
3210
3209
621
3194
623
625
624
4242
4163
626
622
627
3213
3212
628
630
629
4244
4165
631
632
3215
3214
633
635
634
4246
4167
636
637
3217
3216
638
640
639
4248
4169
641
642
3219
3218
643
645
644
4250
4171
646
647
3221
3220
648
650
649
4252
4173
651
652
3223
3222
653
655
654
4254
4175
656
657
3225
3224
658
660
659
4256
4177
661
662
3227
3226
663
3211
665
667
666
4258
4179
668
664
669
3230
3229
670
672
671
4260
4181
673
674
3232
3231
675
677
676
4262
4183
678
679
3234
3233
680
682
681
4264
4185
683
684
3236
3235
685
687
686
4266
4187
688
689
3238
3237
690
692
691
4268
4189
693
694
3240
3239
695
697
696
4270
4191
698
699
3242
3241
700
702
701
4272
4193
703
704
3244
3243
705
3228
707
709
708
4274
4195
710
706
711
3247
3246
712
714
713
4276
4197
715
716
3249
3248
717
719
718
4278
4199
720
721
3251
3250
722
724
723
4280
4201
725
726
3253
3252
727
729
728
4282
4203
730
731
3255
3254
732
734
733
4284
4205
735
736
3257
3256
737
739
738
4286
4207
740
741
3259
3258
742
744
743
4288
4209
745
746
3261
3260
747
3245
749
751
750
4290
4211
752
748
753
3264
3263
754
756
755
4292
4213
757
758
3266
3265
759
761
760
4294
4215
762
763
3268
3267
764
766
765
4296
4217
767
768
3270
3269
769
771
770
4298
4219
772
773
3272
3271
774
776
775
4300
4221
777
778
3274
3273
779
781
780
4302
4223
782
783
3276
3275
784
786
785
4304
4225
787
788
3278
3277
789
3262
791
793
3153
792
794
790
795
3281
3280
796
798
3156
797
799
800
3283
3282
801
803
3159
802
804
805
3285
3284
806
808
3162
807
809
810
3287
3286
811
813
3165
812
814
815
3289
3288
816
818
3168
817
819
820
3291
3290
821
823
3171
822
824
825
3293
3292
826
828
3174
827
829
830
3295
3294
831
3279
833
834
835
837
836
4227
838
832
839
3299
3298
840
841
842
844
843
4229
845
846
3302
3301
847
848
849
851
850
4231
852
853
3305
3304
854
855
856
858
857
4233
859
860
3308
3307
4306
861
862
863
865
864
4308
4235
866
867
3311
3310
4310
868
869
870
872
871
4312
4237
873
874
3314
3313
4314
875
876
877
879
878
4316
4239
880
881
3317
3316
4318
882
883
884
886
885
887
888
3320
3319
889
3296
891
893
892
894
890
895
3323
3322
896
898
897
899
900
3325
3324
901
903
902
904
905
3327
3326
906
908
907
909
910
3329
3328
911
913
912
914
915
3331
3330
916
918
917
919
920
3333
3332
921
923
922
924
925
3335
3334
926
928
927
929
930
3337
3336
931
3321
933
935
934
936
932
937
3340
3339
938
940
939
941
942
3342
3341
943
945
944
946
947
3344
3343
948
950
949
951
952
3346
3345
953
955
954
956
957
3348
3347
958
960
959
961
962
3350
3349
963
965
964
4320
4241
966
967
3352
3351
968
970
969
4322
4243
971
972
3354
3353
973
3338
975
977
976
4324
4245
978
974
979
3357
3356
980
982
981
4326
4247
983
984
3359
3358
985
987
986
4328
4249
988
989
3361
3360
990
992
991
4330
4251
993
994
3363
3362
995
997
996
4332
4253
998
999
3365
3364
1000
1002
1001
4334
4255
1003
1004
3367
3366
1005
1007
1006
4336
4257
1008
1009
3369
3368
1010
1012
1011
4338
4259
1013
1014
3371
3370
1015
3355
1017
1019
1018
4340
4261
1020
1016
1021
3374
3373
1022
1024
1023
4342
4263
1025
1026
3376
3375
1027
1029
1028
4344
4265
1030
1031
3378
3377
1032
1034
1033
4346
4267
1035
1036
3380
3379
1037
1039
1038
4348
4269
1040
1041
3382
3381
1042
1044
1043
4350
4271
1045
1046
3384
3383
1047
1049
1048
4352
4273
1050
1051
3386
3385
1052
1054
1053
4354
4275
1055
1056
3388
3387
1057
3372
1059
1061
1060
4356
4277
1062
1058
1063
3391
3390
1064
1066
1065
4358
4279
1067
1068
3393
3392
1069
1071
1070
4360
4281
1072
1073
3395
3394
1074
1076
1075
4362
4283
1077
1078
3397
3396
1079
1081
1080
4364
4285
1082
1083
3399
3398
1084
1086
1085
4366
4287
1087
1088
3401
3400
1089
1091
1090
4368
4289
1092
1093
3403
3402
1094
1096
1095
4370
4291
1097
1098
3405
3404
1099
3389
1101
1103
1102
4372
4293
1104
1100
1105
3408
3407
1106
1108
1107
4374
4295
1109
1110
3410
3409
1111
1113
1112
4376
4297
1114
1115
3412
3411
1116
1118
1117
4378
4299
1119
1120
3414
3413
1121
1123
1122
4380
4301
1124
1125
3416
3415
1126
1128
1127
4382
4303
1129
1130
3418
3417
1131
1133
1132
4384
4305
1134
1135
3420
3419
1136
1138
1137
1139
1140
3422
3421
1141
3406
1143
1145
3297
1144
1146
1142
1147
3425
3424
1148
1150
3300
1149
1151
1152
3427
3426
1153
1155
3303
1154
1156
1157
3429
3428
1158
1160
3306
1159
1161
1162
3431
3430
1163
1165
3309
1164
1166
1167
3433
3432
1168
1170
3312
1169
1171
1172
3435
3434
1173
1175
3315
1174
1176
1177
3437
3436
1178
1180
3318
1179
1181
1182
3439
3438
1183
3423
1185
1186
1187
1189
1188
4317
1190
1184
1191
3443
3442
1192
1193
1194
1196
1195
4313
1197
1198
3446
3445
1199
1200
1201
1203
1202
4309
1204
1205
3449
3448
1206
1207
1208
1210
1209
4307
1211
1212
3452
3451
4386
1213
1214
1215
1217
1216
4388
4311
1218
1219
3455
3454
4390
1220
1221
1222
1224
1223
4392
4315
1225
1226
3458
3457
4394
1227
1228
1229
1231
1230
4396
4319
1232
1233
3461
3460
4398
1234
1235
1236
1238
1237
1239
1240
3464
3463
1241
3440
1243
1245
1244
1246
1242
1247
3467
3466
1248
1250
1249
1251
1252
3469
3468
1253
1255
1254
1256
1257
3471
3470
1258
1260
1259
1261
1262
3473
3472
1263
1265
1264
1266
1267
3475
3474
1268
1270
1269
1271
1272
3477
3476
1273
1275
1274
1276
1277
3479
3478
1278
1280
1279
1281
1282
3481
3480
1283
3465
1285
1287
1286
1288
1284
1289
3484
3483
1290
1292
1291
1293
1294
3486
3485
1295
1297
1296
1298
1299
3488
3487
1300
1302
1301
1303
1304
3490
3489
1305
1307
1306
1308
1309
3492
3491
1310
1312
1311
4400
4321
1313
1314
3494
3493
1315
1317
1316
4402
4323
1318
1319
3496
3495
1320
1322
1321
4404
4325
1323
1324
3498
3497
1325
3482
1327
1329
1328
4406
4327
1330
1326
1331
3501
3500
1332
1334
1333
4408
4329
1335
1336
3503
3502
1337
1339
1338
4410
4331
1340
1341
3505
3504
1342
1344
1343
4412
4333
1345
1346
3507
3506
1347
1349
1348
4414
4335
1350
1351
3509
3508
1352
1354
1353
4416
4337
1355
1356
3511
3510
1357
1359
1358
4418
4339
1360
1361
3513
3512
1362
1364
1363
4420
4341
1365
1366
3515
3514
1367
3499
1369
1371
1370
4422
4343
1372
1368
1373
3518
3517
1374
1376
1375
4424
4345
1377
1378
3520
3519
1379
1381
1380
4426
4347
1382
1383
3522
3521
1384
1386
1385
4428
4349
1387
1388
3524
3523
1389
1391
1390
4430
4351
1392
1393
3526
3525
1394
1396
1395
4432
4353
1397
1398
3528
3527
1399
1401
1400
4434
4355
1402
1403
3530
3529
1404
1406
1405
4436
4357
1407
1408
3532
3531
1409
3516
1411
1413
1412
4438
4359
1414
1410
1415
3535
3534
1416
1418
1417
4440
4361
1419
1420
3537
3536
1421
1423
1422
4442
4363
1424
1425
3539
3538
1426
1428
1427
4444
4365
1429
1430
3541
3540
1431
1433
1432
4446
4367
1434
1435
3543
3542
1436
1438
1437
4448
4369
1439
1440
3545
3544
1441
1443
1442
4450
4371
1444
1445
3547
3546
1446
1448
1447
4452
4373
1449
1450
3549
3548
1451
3533
1453
1455
1454
4454
4375
1456
1452
1457
3552
3551
1458
1460
1459
4456
4377
1461
1462
3554
3553
1463
1465
1464
4458
4379
1466
1467
3556
3555
1468
1470
1469
4460
4381
1471
1472
3558
3557
1473
1475
1474
4462
4383
1476
1477
3560
3559
1478
1480
1479
4464
4385
1481
1482
3562
3561
1483
1485
1484
1486
1487
3564
3563
1488
1490
1489
1491
1492
3566
3565
1493
3550
1495
1497
3441
1496
1498
1494
1499
3569
3568
1500
1502
3444
1501
1503
1504
3571
3570
1505
1507
3447
1506
1508
1509
3573
3572
1510
1512
3450
1511
1513
1514
3575
3574
1515
1517
3453
1516
1518
1519
3577
3576
1520
1522
3456
1521
1523
1524
3579
3578
1525
1527
3459
1526
1528
1529
3581
3580
1530
1532
3462
1531
1533
1534
3583
3582
1535
3567
1537
1538
1539
1541
1540
4397
1542
1536
1543
3587
3586
1544
1545
1546
1548
1547
4393
1549
1550
3590
3589
1551
1552
1553
1555
1554
4389
1556
1557
3593
3592
1558
1559
1560
1562
1561
4387
1563
1564
3596
3595
4466
1565
1566
1567
1569
1568
4468
4391
1570
1571
3599
3598
4470
1572
1573
1574
1576
1575
4472
4395
1577
1578
3602
3601
4474
1579
1580
1581
1583
1582
4476
4399
1584
1585
3605
3604
4478
1586
1587
1588
1590
1589
1591
1592
3608
3607
1593
3584
1595
1597
1596
1598
1594
1599
3611
3610
1600
1602
1601
1603
1604
3613
3612
1605
1607
1606
1608
1609
3615
3614
1610
1612
1611
1613
1614
3617
3616
1615
1617
1616
1618
1619
3619
3618
1620
1622
1621
1623
1624
3621
3620
1625
1627
1626
1628
1629
3623
3622
1630
1632
1631
1633
1634
3625
3624
1635
3609
1637
1639
1638
1640
1636
1641
3628
3627
1642
1644
1643
1645
1646
3630
3629
1647
1649
1648
1650
1651
3632
3631
1652
1654
1653
1655
1656
3634
3633
1657
1659
1658
4480
4401
1660
1661
3636
3635
1662
1664
1663
4482
4403
1665
1666
3638
3637
1667
1669
1668
4484
4405
1670
1671
3640
3639
1672
1674
1673
4486
4407
1675
1676
3642
3641
1677
3626
1679
1681
1680
4488
4409
1682
1678
1683
3645
3644
1684
1686
1685
4490
4411
1687
1688
3647
3646
1689
1691
1690
4492
4413
1692
1693
3649
3648
1694
1696
1695
4494
4415
1697
1698
3651
3650
1699
1701
1700
4496
4417
1702
1703
3653
3652
1704
1706
1705
4498
4419
1707
1708
3655
3654
1709
1711
1710
4500
4421
1712
1713
3657
3656
1714
1716
1715
4502
4423
1717
1718
3659
3658
1719
3643
1721
1723
1722
4504
4425
1724
1720
1725
3662
3661
1726
1728
1727
4506
4427
1729
1730
3664
3663
1731
1733
1732
4508
4429
1734
1735
3666
3665
1736
1738
1737
4510
4431
1739
1740
3668
3667
1741
1743
1742
4512
4433
1744
1745
3670
3669
1746
1748
1747
4514
4435
1749
1750
3672
3671
1751
1753
1752
4516
4437
1754
1755
3674
3673
1756
1758
1757
4518
4439
1759
1760
3676
3675
1761
3660
1763
1765
1764
4520
4441
1766
1762
1767
3679
3678
1768
1770
1769
4522
4443
1771
1772
3681
3680
1773
1775
1774
4524
4445
1776
1777
3683
3682
1778
1780
1779
4526
4447
1781
1782
3685
3684
1783
1785
1784
4528
4449
1786
1787
3687
3686
1788
1790
1789
4530
4451
1791
1792
3689
3688
1793
1795
1794
4532
4453
1796
1797
3691
3690
1798
1800
1799
4534
4455
1801
1802
3693
3692
1803
3677
1805
1807
1806
4536
4457
1808
1804
1809
3696
3695
1810
1812
1811
4538
4459
1813
1814
3698
3697
1815
1817
1816
4540
4461
1818
1819
3700
3699
1820
1822
1821
4542
4463
1823
1824
3702
3701
1825
1827
1826
4544
4465
1828
1829
3704
3703
1830
1832
1831
1833
1834
3706
3705
1835
1837
1836
1838
1839
3708
3707
1840
1842
1841
1843
1844
3710
3709
1845
3694
1847
1849
3585
1848
1850
1846
1851
3713
3712
1852
1854
3588
1853
1855
1856
3715
3714
1857
1859
3591
1858
1860
1861
3717
3716
1862
1864
3594
1863
1865
1866
3719
3718
1867
1869
3597
1868
1870
1871
3721
3720
1872
1874
3600
1873
1875
1876
3723
3722
1877
1879
3603
1878
1880
1881
3725
3724
1882
1884
3606
1883
1885
1886
3727
3726
1887
3711
1889
1890
1891
1893
1892
4477
1894
1888
1895
3731
3730
1896
1897
1898
1900
1899
4473
1901
1902
3734
3733
1903
1904
1905
1907
1906
4469
1908
1909
3737
3736
1910
1911
1912
1914
1913
4467
1915
1916
3740
3739
4546
1917
1918
1919
1921
1920
4548
4471
1922
1923
3743
3742
4550
1924
1925
1926
1928
1927
4552
4475
1929
1930
3746
3745
4554
1931
1932
1933
1935
1934
4556
4479
1936
1937
3749
3748
4558
1938
1939
1940
1942
1941
1943
1944
3752
3751
1945
3728
1947
1949
1948
1950
1946
1951
3755
3754
1952
1954
1953
1955
1956
3757
3756
1957
1959
1958
1960
1961
3759
3758
1962
1964
1963
1965
1966
3761
3760
1967
1969
1968
1970
1971
3763
3762
1972
1974
1973
1975
1976
3765
3764
1977
1979
1978
1980
1981
3767
3766
1982
1984
1983
1985
1986
3769
3768
1987
3753
1989
1991
1990
1992
1988
1993
3772
3771
1994
1996
1995
1997
1998
3774
3773
1999
2001
2000
2002
2003
3776
3775
2004
2006
2005
4560
4481
2007
2008
3778
3777
2009
2011
2010
4562
4483
2012
2013
3780
3779
2014
2016
2015
4564
4485
2017
2018
3782
3781
2019
2021
2020
4566
4487
2022
2023
3784
3783
2024
2026
2025
4568
4489
2027
2028
3786
3785
2029
3770
2031
2033
2032
4570
4491
2034
2030
2035
3789
3788
2036
2038
2037
4572
4493
2039
2040
3791
3790
2041
2043
2042
4574
4495
2044
2045
3793
3792
2046
2048
2047
4576
4497
2049
2050
3795
3794
2051
2053
2052
4578
4499
2054
2055
3797
3796
2056
2058
2057
4580
4501
2059
2060
3799
3798
2061
2063
2062
4582
4503
2064
2065
3801
3800
2066
2068
2067
4584
4505
2069
2070
3803
3802
2071
3787
2073
2075
2074
4586
4507
2076
2072
2077
3806
3805
2078
2080
2079
4588
4509
2081
2082
3808
3807
2083
2085
2084
4590
4511
2086
2087
3810
3809
2088
2090
2089
4592
4513
2091
2092
3812
3811
2093
2095
2094
4594
4515
2096
2097
3814
3813
2098
2100
2099
4596
4517
2101
2102
3816
3815
2103
2105
2104
4598
4519
2106
2107
3818
3817
2108
2110
2109
4600
4521
2111
2112
3820
3819
2113
3804
2115
2117
2116
4602
4523
2118
2114
2119
3823
3822
2120
2122
2121
4604
4525
2123
2124
3825
3824
2125
2127
2126
4606
4527
2128
2129
3827
3826
2130
2132
2131
4608
4529
2133
2134
3829
3828
2135
2137
2136
4610
4531
2138
2139
3831
3830
2140
2142
2141
4612
4533
2143
2144
3833
3832
2145
2147
2146
4614
4535
2148
2149
3835
3834
2150
2152
2151
4616
4537
2153
2154
3837
3836
2155
3821
2157
2159
2158
4618
4539
2160
2156
2161
3840
3839
2162
2164
2163
4620
4541
2165
2166
3842
3841
2167
2169
2168
4622
4543
2170
2171
3844
3843
2172
2174
2173
4624
4545
2175
2176
3846
3845
2177
2179
2178
2180
2181
3848
3847
2182
2184
2183
2185
2186
3850
3849
2187
2189
2188
2190
2191
3852
3851
2192
2194
2193
2195
2196
3854
3853
2197
3838
2199
2201
3729
2200
2202
2198
2203
3857
3856
2204
2206
3732
2205
2207
2208
3859
3858
2209
2211
3735
2210
2212
2213
3861
3860
2214
2216
3738
2215
2217
2218
3863
3862
2219
2221
3741
2220
2222
2223
3865
3864
2224
2226
3744
2225
2227
2228
3867
3866
2229
2231
3747
2230
2232
2233
3869
3868
2234
2236
3750
2235
2237
2238
3871
3870
2239
3855
2241
2242
2243
2245
2244
4557
2246
2240
2247
3875
3874
2248
2249
2250
2252
2251
4553
2253
2254
3878
3877
2255
2256
2257
2259
2258
4549
2260
2261
3881
3880
2262
2263
2264
2266
2265
4547
2267
2268
3884
3883
4626
2269
2270
2271
2273
2272
4628
4551
2274
2275
3887
3886
4630
2276
2277
2278
2280
2279
4632
4555
2281
2282
3890
3889
4634
2283
2284
2285
2287
2286
4636
4559
2288
2289
3893
3892
4638
2290
2291
2292
2294
2293
2295
2296
3896
3895
2297
3872
2299
2301
2300
2302
2298
2303
3899
3898
2304
2306
2305
2307
2308
3901
3900
2309
2311
2310
2312
2313
3903
3902
2314
2316
2315
2317
2318
3905
3904
2319
2321
2320
2322
2323
3907
3906
2324
2326
2325
2327
2328
3909
3908
2329
2331
2330
2332
2333
3911
3910
2334
2336
2335
2337
2338
3913
3912
2339
3897
2341
2343
2342
2344
2340
2345
3916
3915
2346
2348
2347
2349
2350
3918
3917
2351
2353
2352
4640
4561
2354
2355
3920
3919
2356
2358
2357
4642
4563
2359
2360
3922
3921
2361
2363
2362
4644
4565
2364
2365
3924
3923
2366
2368
2367
4646
4567
2369
2370
3926
3925
2371
2373
2372
4648
4569
2374
2375
3928
3927
2376
2378
2377
4650
4571
2379
2380
3930
3929
2381
3914
2383
2385
2384
4652
4573
2386
2382
2387
3933
3932
2388
2390
2389
4654
4575
2391
2392
3935
3934
2393
2395
2394
4656
4577
2396
2397
3937
3936
2398
2400
2399
4658
4579
2401
2402
3939
3938
2403
2405
2404
4660
4581
2406
2407
3941
3940
2408
2410
2409
4662
4583
2411
2412
3943
3942
2413
2415
2414
4664
4585
2416
2417
3945
3944
2418
2420
2419
4666
4587
2421
2422
3947
3946
2423
3931
2425
2427
2426
4668
4589
2428
2424
2429
3950
3949
2430
2432
2431
4670
4591
2433
2434
3952
3951
2435
2437
2436
4672
4593
2438
2439
3954
3953
2440
2442
2441
4674
4595
2443
2444
3956
3955
2445
2447
2446
4676
4597
2448
2449
3958
3957
2450
2452
2451
4678
4599
2453
2454
3960
3959
2455
2457
2456
4680
4601
2458
2459
3962
3961
2460
2462
2461
4682
4603
2463
2464
3964
3963
2465
3948
2467
2469
2468
4684
4605
2470
2466
2471
3967
3966
2472
2474
2473
4686
4607
2475
2476
3969
3968
2477
2479
2478
4688
4609
2480
2481
3971
3970
2482
2484
2483
4690
4611
2485
2486
3973
3972
2487
2489
2488
4692
4613
2490
2491
3975
3974
2492
2494
2493
4694
4615
2495
2496
3977
3976
2497
2499
2498
4696
4617
2500
2501
3979
3978
2502
2504
2503
4698
4619
2505
2506
3981
3980
2507
3965
2509
2511
2510
4700
4621
2512
2508
2513
3984
3983
2514
2516
2515
4702
4623
2517
2518
3986
3985
2519
2521
2520
4704
4625
2522
2523
3988
3987
2524
2526
2525
2527
2528
3990
3989
2529
2531
2530
2532
2533
3992
3991
2534
2536
2535
2537
2538
3994
3993
2539
2541
2540
2542
2543
3996
3995
2544
2546
2545
2547
2548
3998
3997
2549
3982
2551
2553
3873
2552
2554
2550
2555
4001
4000
2556
2558
3876
2557
2559
2560
4003
4002
2561
2563
3879
2562
2564
2565
4005
4004
2566
2568
3882
2567
2569
2570
4007
4006
2571
2573
3885
2572
2574
2575
4009
4008
2576
2578
3888
2577
2579
2580
4011
4010
2581
2583
3891
2582
2584
2585
4013
4012
2586
2588
3894
2587
2589
2590
4015
4014
2591
3999
2593
2594
2595
2597
2596
4637
2598
2946
2592
2599
4019
4018
2600
2601
2602
2604
2603
4633
2605
2950
2606
4022
4021
2607
2608
2609
2611
2610
4629
2612
2954
2613
4025
4024
2614
2615
2616
2618
2617
4627
2619
2958
2620
4028
4027
2621
2622
2623
2625
2624
4631
2626
2962
2627
4031
4030
2628
2629
2630
2632
2631
4635
2633
2966
2634
4034
4033
2635
2636
2637
2639
2638
4639
2640
2970
2641
4037
4036
2642
2643
2644
2646
2645
2647
2974
2648
4040
4039
2649
4016
2651
2653
2652
2654
2978
2650
2655
4043
4042
2656
2658
2657
2659
2981
2660
4045
4044
2661
2663
2662
2664
2984
2665
4047
4046
2666
2668
2667
2669
2987
2670
4049
4048
2671
2673
2672
2674
2990
2675
4051
4050
2676
2678
2677
2679
2993
2680
4053
4052
2681
2683
2682
2684
2996
2685
4055
4054
2686
2688
2687
2689
2999
2690
4057
4056
2691
4041
2693
2695
2694
2696
3003
2692
2697
4060
4059
2698
2700
2699
4641
2701
3006
2702
4062
4061
2703
2705
2704
4643
2706
3009
2707
4064
4063
2708
2710
2709
4645
2711
3012
2712
4066
4065
2713
2715
2714
4647
2716
3015
2717
4068
4067
2718
2720
2719
4649
2721
3018
2722
4070
4069
2723
2725
2724
4651
2726
3021
2727
4072
4071
2728
2730
2729
4653
2731
3024
2732
4074
4073
2733
4058
2735
2737
2736
4655
2738
3028
2734
2739
4077
4076
2740
2742
2741
4657
2743
3031
2744
4079
4078
2745
2747
2746
4659
2748
3034
2749
4081
4080
2750
2752
2751
4661
2753
3037
2754
4083
4082
2755
2757
2756
4663
2758
3040
2759
4085
4084
2760
2762
2761
4665
2763
3043
2764
4087
4086
2765
2767
2766
4667
2768
3046
2769
4089
4088
2770
2772
2771
4669
2773
3049
2774
4091
4090
2775
4075
2777
2779
2778
4671
2780
3053
2776
2781
4094
4093
2782
2784
2783
4673
2785
3056
2786
4096
4095
2787
2789
2788
4675
2790
3059
2791
4098
4097
2792
2794
2793
4677
2795
3062
2796
4100
4099
2797
2799
2798
4679
2800
3065
2801
4102
4101
2802
2804
2803
4681
2805
3068
2806
4104
4103
2807
2809
2808
4683
2810
3071
2811
4106
4105
2812
2814
2813
4685
2815
3074
2816
4108
4107
2817
4092
2819
2821
2820
4687
2822
3078
2818
2823
4111
4110
2824
2826
2825
4689
2827
3081
2828
4113
4112
2829
2831
2830
4691
2832
3084
2833
4115
4114
2834
2836
2835
4693
2837
3087
2838
4117
4116
2839
2841
2840
4695
2842
3090
2843
4119
4118
2844
2846
2845
4697
2847
3093
2848
4121
4120
2849
2851
2850
4699
2852
3096
2853
4123
4122
2854
2856
2855
4701
2857
3099
2858
4125
4124
2859
4109
2861
2863
2862
4703
2864
3103
2860
2865
4128
4127
2866
2868
2867
4705
2869
3106
2870
4130
4129
2871
2873
2872
2874
3109
2875
4132
4131
2876
2878
2877
2879
3112
2880
4134
4133
2881
2883
2882
2884
3115
2885
4136
4135
2886
2888
2887
2889
3118
2890
4138
4137
2891
2893
2892
2894
3121
2895
4140
4139
2896
2898
2897
2899
3124
2900
4142
4141
2901
4126
2903
2905
4017
2904
2906
3128
2902
2907
4145
4144
2908
2910
4020
2909
2911
3131
2912
4147
4146
2913
2915
4023
2914
2916
3134
2917
4149
4148
2918
2920
4026
2919
2921
3137
2922
4151
4150
2923
2925
4029
2924
2926
3140
2927
4153
4152
2928
2930
4032
2929
2931
3143
2932
4155
4154
2933
2935
4035
2934
2936
3146
2937
4157
4156
2938
2940
4038
2939
2941
3149
2942
4159
4158
2943
4143
